0.10987999999999999 0.0174662656
0.83156 0.07759010250000001
1.3365 0.08819712040000001
0.68026 0.0347225956
0.18785000000000002 0.023302022500000002
0.73022 0.14721034240000003
3.7565 1.00841764
1.1658 0.2087850249
0.41795 0.0278689636
1.0406 0.23400438759999995
0.33874000000000004 0.04250194559999999
0.22164 0.021345210000000003
1.0252 0.10830681
1.8039 0.2276148681
1.5044 0.1826194756
0.45491 0.026896000000000003
1.0131000000000001 0.2776236099999999
1.4478 0.1193909809
0.40567000000000003 0.23206379289999998
0.36255 0.2456094481
0.25943 0.020022249999999995
0.46515 0.0759994624
0.78721 0.09304940160000003
0.14412 0.018624060900000003
0.27768 0.15342105609999998
0.6835199999999999 0.0532409476
0.18417 0.0353552809
0.12702 0.0161493264
0.8910800000000001 0.06533647209999997
0.48808 0.07377199209999998
0.46036 0.029419110400000004
0.5405 0.08600729289999999
0.32609 0.04410840039999999
0.7312 1.24724224
0.29023 0.016824684099999997
1.1674 0.0817502464
0.55755 0.18426414759999998
2.5057 0.3324560280999999
0.41193 0.07095297689999999
0.31723 0.0998939236
0.42664 0.12275913690000001
1.6293 0.1430957584
0.5809399999999999 0.18973864810000002
0.49611999999999995 0.34154673639999994
0.47437999999999997 0.043622499599999996
0.33403000000000005 0.0205148329
0.7920699999999999 0.0368409636
0.29297999999999996 0.07327307610000003
0.81944 0.028449568899999996
1.7110999999999998 0.05071504
0.22373 0.0261695329
0.20314000000000002 0.032927731599999996
0.15191 0.014508202500000001
0.6002200000000001 0.08848840089999997
1.1782 0.1571646736
0.88148 0.27285996960000003
0.63739 0.0447237904
0.14176 0.015114243600000002
0.32649 0.023457985599999998
0.22394999999999998 0.0142706916
0.46759 0.0230037889
0.27381 0.0287099136
0.30296 0.026085480099999996
0.35095 0.047515280400000005
0.33497000000000005 0.034477062399999994
0.24987 0.0447576336
1.0279 0.12911086239999997
0.38937 0.10471696
0.6301 0.03691777959999999
0.61116 0.08315725689999998
0.6501499999999999 0.06635260809999999
0.21005000000000001 0.018771740099999996
0.67877 0.044647690000000004
1.0425 0.05946769960000001
0.26688 0.0236575161
0.8052400000000001 0.0493062025
0.35539000000000004 0.030586512099999998
1.167 0.026282894399999996
0.72323 0.036477180100000006
1.2 0.183258479569
0.36517 0.026817337599999998
0.26957000000000003 0.01982464
0.34735 0.017883712900000005
0.6494200000000001 0.0246992656
0.98873 0.0351150121
1.5667 0.3075922520999999
0.45942 0.0246741264
2.2672 0.11630828159999997
0.37861999999999996 0.0197514916
0.30326000000000003 0.0197374401
0.46219000000000005 0.0701349289
0.34095000000000003 0.0300779649
0.46796 0.030005168399999994
1.5549 0.052175696400000006
0.35376 0.022915904400000003
0.33591 0.0351750025
0.6965899999999999 0.039239648099999996
1.9262000000000001 0.07842800250000001
0.40933 0.0310288225
0.40059 0.04248545440000001
1.3915 0.08227144890000002
0.49511 0.19750024810000003
0.17618 0.03269587239999999
0.8435199999999999 0.0718722481
0.47231 0.1015824384
0.69908 0.08265624999999999
1.2437 0.3458616100000001
0.21577 0.04545424
0.20722000000000002 0.0164660224
0.998 0.0826390009
0.10908000000000001 0.016345622499999997
1.7432 0.0789778609
0.45660999999999996 0.06338813289999999
0.72783 0.042803472099999997
1.3760000000000001 0.20994724000000003
0.20067 0.0296562841
0.11419 0.03778747209999999
0.11706 0.017213439999999997
0.39954999999999996 0.04581740249999999
0.15145999999999998 0.011891902499999999
1.4067 0.11777251239999999
0.6373099999999999 0.0457617664
0.10915 0.02810652250000001
0.18672 0.01646089
0.28669 0.026020916100000003
0.70183 0.022476006399999998
0.36503 0.014984208099999998
0.32602 0.016939022499999998
1.3159 0.10567700639999998
0.7833 0.0276423876
2.2931000000000004 0.0779749776
0.84748 0.09906126759999997
0.79802 0.034139952900000006
0.49534999999999996 0.015881040399999997
0.92685 0.035242552899999995
0.61089 0.0223173721
0.48474 0.03552848010000001
1.1857 0.0972441856
0.21756999999999999 0.0220700736
0.23661 0.017768889999999992
2.3845 0.1937320225
1.8492 0.09089622010000002
0.39498 0.05582823840000001
1.1188 0.0788823396
0.52532 0.021500356900000003
0.22556 0.0244578321
0.11608 0.010221210000000001
0.63789 0.028927206400000002
5.235 0.2008473856
0.12036000000000001 0.014525070400000001
0.34121999999999997 0.0145805625
0.60293 0.0135932281
0.6034900000000001 0.0176411524
0.5404 0.0120055849
0.34546 0.0172817316
0.38176 0.0181791289
0.28389000000000003 0.010263716099999999
0.43193000000000004 0.018090249999999995
0.7294400000000001 0.027244803599999996
0.36565000000000003 0.02070721
1.8891 0.5027660835999999
2.6059 1.63891204
1.8474 0.12175912360000002
0.7886 0.0319408384
0.44269 0.04511376
0.61087 0.022171209999999993
0.7248899999999999 0.055441411600000004
0.14145 0.016991122499999997
0.2366 0.0141586201
0.30501999999999996 0.019821824100000007
0.45746 0.018744348099999992
0.19260999999999998 0.0143113369
0.11273 0.015348732100000003
0.4867 0.040953616899999996
1.8774 0.07355486409999998
0.36524 0.035989884099999994
0.62907 0.0389628121
0.5865900000000001 0.07152950250000001
1.0229 0.11019080250000002
6.2318 1.15197289
1.0731 0.029901326399999997
1.1883 0.1341244129
0.7119 0.0454755625
0.7767400000000001 0.1099519281
0.2592 0.044167225600000005
0.11733 0.0166255236
0.6010800000000001 0.0916817841
0.19206099999999998 0.0122810724
0.22552999999999998 0.011846145599999998
0.7119500000000001 0.030481668099999998
1.1804999999999999 0.17244917289999998
0.38144 0.0158911236
2.2014 0.14252135040000002
1.9396 0.6478157169
4.2509999999999994 1.2194784899999997
1.6315 0.06148912090000001
0.6372399999999999 0.06307632249999999
0.7037 0.16380637290000002
1.3754 0.13171818490000003
0.69522 0.035231290000000005
0.5548000000000001 0.04666032009999999
1.4005999999999998 0.06422169640000001
0.4249 0.0533933449
1.1372000000000002 0.12225512250000001
0.23676 0.05714012159999999
1.3006 0.0533194281
0.67653 0.0468982336
0.25899 0.0203747076
0.9099 0.024339120099999993
0.68023 0.0259564321
1.0207 0.052354016100000005
0.47164 0.023975425600000003
1.2875 0.07243095690000002
0.88981 0.06288057759999999
1.0746 0.07219969000000002
0.41821 0.049564116899999996
0.25547 0.0214007641
0.52454 0.0332953009
0.23702 0.020164000000000005
0.58191 0.08487316890000002
0.28937 0.018490560400000005
1.2182 0.0276423876
0.6661 0.0513067801
0.19298 0.0218093824
0.12073 0.04272075609999999
0.42659 0.0400080004
0.27053 0.059584809999999995
0.15408 0.0230796864
0.88432 0.07746202239999997
0.32322 0.041176526399999996
0.27628 0.03534776010000001
0.66245 0.03334275999999999
0.26659999999999995 0.0496041984
1.8494 0.26347688999999996
0.60586 0.0952401321
0.7172 0.10165894559999997
1.6977 0.04020024999999999
0.63438 0.0374112964
0.96201 0.08207652009999998
2.4838 0.18287596960000002
0.3689 0.028720080899999993
0.6932200000000001 0.14644398239999998
0.73277 0.09736272089999998
0.29472 0.031176964900000003
1.0555 0.06111772839999998
0.7840199999999999 0.0192959881
0.37627 0.0310182544
5.5987 0.19914798760000005
0.25007 0.025268281600000005
0.73805 0.03505881759999999
0.89794 0.04321409439999999
1.5995 0.0334707025
0.44522 0.06284046239999998
0.76468 0.04353899559999999
0.1963 0.03692162250000001
0.44405999999999995 0.0460917961
0.70728 0.053047302399999996
0.61446 0.0242954569
1.3488 0.4841654724
0.26053 0.031396296100000005
0.16442 0.0123609924
0.256 0.06703438809999998
0.12365999999999999 0.018471528100000002
0.27687 0.03996001
0.75601 0.020309100099999998
0.90022 0.04353899559999999
4.5305 0.10950804639999999
1.3818000000000001 0.06711208359999998
0.22998 0.023424302500000004
0.86281 0.0367603929
0.14698 0.0192265956
0.5284800000000001 0.08477996889999999
0.42034 0.06929003289999998
0.90803 0.06756360489999999
1.1207 0.061290904900000005
0.93857 0.0475022025
4.3112 0.25097094090000005
0.7602099999999999 0.025789148100000003
0.40018 0.03401442489999999
0.38727 0.020641068900000007
1.3341 0.0573267249
0.67338 0.029491192900000008
1.4729999999999999 0.1098458449
0.5164300000000001 0.013980697600000003
0.24865 0.021747400899999998
0.58894 0.042667033599999994
0.22282000000000002 0.011374222500000001
0.28326 0.030150849599999995
1.2607 0.0632874649
1.0646 0.09908015290000004
1.6771 0.3618624024999999
0.51856 0.093025
0.23165 0.0595116025
1.4526999999999999 0.0550981729
0.70879 0.0227768464
0.28318 0.06387750760000001
0.33451 0.0288694081
0.8919699999999999 0.15611981439999997
0.46334000000000003 0.0271953081
0.93693 0.054005112099999995
1.0614999999999999 0.1029703921
0.22415 0.026357522499999998
0.41049 0.046328257600000006
0.78134 0.08852410090000001
0.74275 0.0617671609
1.3451 0.1915900441
0.26571 0.0142515844
1.3504 0.0653058025
1.271 0.07748428959999999
0.15626 0.021199359999999993
2.0381 0.19343283609999998
0.75622 0.033317200899999996
0.20385999999999999 0.022123587599999994
1.1192000000000002 0.05243184039999999
0.8182200000000001 0.0443018304
2.2565 0.13866686439999998
3.2619 0.16581183999999996
2.7405 0.052161992100000006
1.6801 0.1023232144
1.3871 0.11997217689999996
2.4949999999999997 0.6285794089000001
0.87283 0.024357844899999995
1.0247 0.025564812099999994
0.31909 0.011202105600000001
0.64002 0.0299324601
0.43762 0.0211091841
1.5724 0.3834334084
3.4691 0.16482788010000002
0.13618 0.017779555599999997
0.4314 0.018106393600000003
0.81308 0.037048550400000005
1.1427 0.07115022760000002
0.23779 0.022371184899999993
0.8373299999999999 0.047510920899999996
0.54877 0.0409414756
0.65135 0.0231070401
0.39563 0.0108951844
0.86041 0.0275327649
0.50501 0.0417425761
1.3193000000000001 0.0378613764
0.18712 0.014974416900000002
0.27706 0.02076481
0.29192999999999997 0.047974140900000004
1.6541 0.32632656250000003
0.46658 0.026056416400000004
0.70833 0.0900120004
0.35026 0.046470424899999994
0.64744 0.025632009999999997
0.19845 0.0136585969
0.99911 0.0574465024
0.34937 0.022371184899999993
0.7391 0.20666116
0.40618000000000004 0.06637321690000002
0.35960000000000003 0.027575923599999996
0.39399999999999996 0.036538322500000005
0.66432 0.10923025000000001
3.0468 0.1394499649
2.4884 0.058042446399999996
0.11535999999999999 0.029584000000000006
1.7930000000000001 0.22963264000000003
1.1472 0.15414261210000002
0.17256 0.038040601599999994
1.5138 0.0356680996
1.1463 0.0455865201
0.6396200000000001 0.029908243600000002
0.51807 0.02141539560000001
1.7402 0.05195664359999999
0.68536 0.06265509610000002
0.39816 0.029124835600000003
0.7507199999999999 0.0269846329
1.0987 0.027559320099999996
0.50974 0.0209786256
0.55547 0.09318366760000002
0.54519 0.0396766561
0.23104000000000002 0.022183123599999997
0.29747999999999997 0.0375778225
0.14517 0.0160503561
0.1158 0.022686384400000002
0.26799 0.021608999999999996
0.57166 0.0300953104
0.14702 0.0370755025
0.6067899999999999 0.0389628121
0.73804 0.10995856000000001
3.8387000000000002 0.1770558084
1.0103 0.0825125625
0.37442 0.017675702500000005
0.35721 0.0277488964
0.7594799999999999 0.0354079489
1.2171 0.054910548899999995
0.49437000000000003 0.019689702400000002
0.34962 0.018103702500000003
0.2071 0.03611900250000001
0.18205000000000002 0.014701562500000003
0.87625 0.024062214399999993
0.32789 0.02907707039999999
0.90828 0.041603760899999995
0.42374 0.025638414400000004
0.53811 0.018127929600000002
0.57389 0.0508998721
1.1403999999999999 0.0440286289
0.58859 0.0205578244
0.59321 0.03356224
0.34531 0.1134140329
0.22224000000000002 0.010363239999999998
0.22297 0.0252714609
0.9233 0.03394069289999999
0.5388599999999999 0.023237953599999996
0.37928 0.0355134025
0.11759 0.019672867599999998
0.4406 0.0768065796
0.52655 0.015279432099999995
1.1115000000000002 0.057144902500000004
0.39776999999999996 0.020940984099999994
0.41742 0.027649038399999996
0.22763 0.0108056025
0.51665 0.0304048969
0.82582 0.04411680159999999
1.0385 0.0465351184
0.36478 0.0286320241
0.27857 0.020414694399999996
0.16516999999999998 0.035785288900000004
2.0059 0.1286513424
0.25412 0.024504771599999996
1.7315 0.0914397121
0.45641 0.028012716899999998
0.2239 0.024127408899999998
0.36211 0.037484832100000004
0.22391 0.014529891599999999
0.49859000000000003 0.0215943025
0.83932 0.1278563049
0.56559 0.04718452840000001
0.23443 0.0573506704
0.15936 0.0182682256
0.13786 0.0305795169
1.1937 0.10603489689999998
0.97078 0.05527201
0.59086 0.10266897640000003
0.5458900000000001 0.09042650409999999
0.5383 0.03974839690000001
1.335 0.1933888576
0.81037 0.06406973440000001
0.33901 0.02618894889999999
0.25806 0.029121422499999997
0.65629 0.033317200899999996
1.1699 0.0645718921
0.6453 0.029946302500000004
0.40567000000000003 0.015652512099999998
0.17222 0.0115863696
0.18223 0.01221025
0.612 0.12122234890000003
2.3888 0.40962560040000007
0.37433 0.0401842116
1.8703999999999998 0.1548029025
4.026 0.1324887201
1.0531 0.0357323409
0.45757000000000003 0.0170798761
0.5854 0.0192016449
0.52752 0.031109904399999992
0.72393 0.035366563600000005
0.39885000000000004 0.05531904
1.4108 0.08065600000000002
0.21189 0.019723393600000003
0.12897 0.0128119761
0.20916 0.020252136100000005
0.24301999999999999 0.0373030596
0.3009 0.0221087161
0.22336999999999999 0.0241709209
0.15439 0.015264602499999998
0.55499 0.0216031204
2.5512 0.1999431225
0.86241 0.06414062759999999
0.4264 0.014409601599999999
0.16325 0.015850809999999996
0.22057000000000002 0.04686359039999999
0.35281 0.04575321
0.55713 0.06131566439999999
0.16182999999999997 0.023765305599999998
0.34623 0.0144504441
0.6934699999999999 0.0285745216
0.37128 0.025198387599999997
0.13102 0.015655014399999997
0.20731 0.011994630399999998
6.597 0.7489863936
1.3659 0.21417458409999998
1.5373999999999999 0.0504227025
0.38133999999999996 0.0369600625
0.74458 0.02211169
0.47777 0.0241709209
0.84075 0.0297424516
0.33406 0.019304323600000003
1.6672 0.30073159210000006
0.83421 0.07185616359999998
0.58487 0.1078399921
0.75959 0.11063606439999998
11.091999999999999 0.8470073089
1.5756999999999999 0.0963109156
1.1075 0.060727744900000005
1.5394 0.06142466559999999
0.20649 0.025985439999999995
0.22525 0.035441827599999996
1.2156 0.0305620324
0.66406 0.016586864099999998
0.47398 0.0375235641
0.94423 0.0593263449
0.6361 0.026873044900000007
1.0937 0.11613782409999998
0.24104 0.0190881856
0.12131 0.013490822500000001
0.16723000000000002 0.0202920025
0.15561 0.0149499529
5.2869 0.1736888976
0.60797 0.06478043039999998
0.3634 0.0447534025
0.65978 0.0403085929
0.8094 0.0430894564
0.38680000000000003 0.033742016099999994
0.25501 0.014677322500000001
0.5449400000000001 0.08687756249999998
1.5512 0.0883218961
0.93819 0.0120868036
0.18195 0.0134629609
3.2957 0.2469593025
2.1971 0.09193024000000001
2.0003 0.1466813401
1.8079999999999998 0.04681597689999999
0.30264 0.021161520899999998
0.26487 0.03514875039999999
0.78847 0.0568917904
1.0394 0.036339796900000006
0.49942 0.03597850240000001
1.1086 0.0667240561
2.7401 0.07236638009999999
3.5599 0.07662931240000001
0.21903 0.022897742400000004
0.31478 0.0717221961
1.1106 0.09969806250000002
1.7477 0.37078356640000004
1.1789999999999998 0.08249532839999998
1.3217 0.05550736
0.8490000000000001 0.0516243841
1.3593 0.08567914410000002
0.15872999999999998 0.010968372899999999
0.44852 0.0815216704
2.6499 0.061340428900000014
0.38188 0.0331567681
0.55362 0.0171741025
0.19338999999999998 0.0114105124
0.74766 0.019672867599999998
0.22646 0.0139877929
0.28110999999999997 0.012568652100000001
0.47749 0.04825490889999999
0.37970000000000004 0.011878820100000001
0.7111500000000001 0.017025030400000002
0.12603 0.0129823236
0.73374 0.0733109776
0.25649 0.022473008100000004
0.18782 0.0224340484
1.0473 0.12405892839999999
0.46961 0.0215707969
0.35217000000000004 0.0155077209
1.6100999999999999 0.15593811210000003
2.1786000000000003 0.40080294810000006
0.20084000000000002 0.030993602499999995
1.0404 0.0795691264
0.34564 0.01879641
3.9947000000000004 0.1690936641
1.8753000000000002 0.05923869210000001
0.22819 0.013771022500000002
0.48721000000000003 0.0375274384
1.2252999999999998 0.06619299839999998
0.19394 0.030335188899999997
0.12530000000000002 0.0356416641
0.8523400000000001 0.08141891559999999
0.14356 0.019373856100000003
0.5734899999999999 0.10444531240000002
1.428 0.38442480040000004
0.5008 0.07096896000000001
0.22272 0.022650249999999997
0.75608 0.0863830881
0.6558999999999999 0.020263522500000002
0.7343999999999999 0.0205779025
0.20713 0.019945912899999998
0.28781 0.0321054724
0.38039999999999996 0.017886387599999998
0.15683 0.021712022500000004
0.12897 0.0131537961
1.4921 0.07230183209999998
0.29679 0.0328406884
0.19558999999999999 0.014285030399999997
1.1704 0.0564015001
0.28465 0.0236575161
0.32133 0.022129537600000002
0.32506 0.02758921
0.21031 0.017902440000000002
0.67601 0.04797852159999999
0.92896 0.08169307240000001
0.2461 0.0141491025
1.4179 0.1071776644
0.80306 0.09010202889999999
0.8281000000000001 0.0502477056
0.91902 0.0529
5.2727 0.15568548490000003
1.7686 0.044808422400000006
0.5148400000000001 0.011558400100000001
2.5906000000000002 0.1836636736
0.37603000000000003 0.0251032336
0.16997 0.01985281
0.1573 0.028815062500000006
0.23918 0.0280931121
3.0678 0.0838507849
0.43603000000000003 0.023253200099999996
0.37399 0.0156225001
0.75549 0.0310887424
1.2516 0.10741350759999999
0.55318 0.0566630416
0.20776 0.0251761689
0.16113 0.0128754409
0.9653700000000001 0.08233456360000002
0.47631 0.0315169009
2.4446 0.1060935184
3.3475 0.2009997889
1.4719 0.0458216836
0.14264000000000002 0.0485541225
0.86536 0.12623809
1.4451 0.23887656250000003
1.2434 0.19375843239999996
0.46317 0.0887503681
0.16326000000000002 0.019686896099999997
0.28698 0.016793568100000003
0.30999 0.022623168099999997
0.5915900000000001 0.019833088899999997
0.13942 0.0159163456
0.87012 0.0356567689
0.26285000000000003 0.015855846399999995
0.30349000000000004 0.014265913599999997
0.79848 0.14576360410000003
0.6619799999999999 0.19075929760000004
0.13658 0.013857998400000002
0.8498899999999999 0.08844081210000003
0.78889 0.0143880025
4.2753000000000005 0.7285476025000001
1.1106 0.025376489999999998
0.69367 0.06087075840000001
0.8717199999999999 0.0503374096
1.5467 0.0910772041
0.26952 0.02611456
0.8780399999999999 0.048061792900000004
0.85071 0.05272075209999999
0.15134999999999998 0.021806428899999997
1.2827 0.09505505610000002
0.8648399999999999 0.0328298161
0.30165 0.022064131600000002
0.28759 0.0282038436
1.0475 0.0714599824
0.15317999999999998 0.013532668900000001
0.43291 0.05134756
0.2853 0.017918499600000002
1.14943 0.04272282302500001
0.35581700000000005 0.014271169444
0.47323899999999997 0.017778222225
1.43435 0.06261505290000001
1.1306 0.17230801
0.36453 0.025731688921
0.20965999999999999 0.021518836249000004
2.2565799999999996 0.2727179061759999
1.53253 0.11995208828100001
0.84415 0.06957461289999997
2.7227 0.28909978240000006
0.21644000000000002 0.013402692899999999
1.3167 0.09512906489999999
0.27326 0.015158534400000001
0.13744 0.0112869376
0.6606099999999999 0.018512323599999995
0.6077600000000001 0.15920898009999998
0.44340999999999997 0.053532076899999996
0.6266499999999999 0.0192293689
0.19940999999999998 0.025030404099999997
0.44934999999999997 0.1072497001
0.25314000000000003 0.0125933284
0.55813 0.0251032336
1.8802999999999999 0.0870368004
0.77193 0.10402560090000003
0.65976 0.028459690000000006
1.3574 0.08989203240000002
0.52626 0.06990735999999999
0.22289 0.0179989056
2.4058 0.2251217809
0.71527 0.09494409690000001
0.20187 0.029697628900000005
0.33451 0.0282676969
2.1082 0.0471454369
0.40418000000000004 0.0188567824
0.62657 0.0284698129
0.57739 0.0829900864
0.15159 0.038482668899999996
0.47247 0.0760711561
0.21323 0.026030595599999994
1.4993999999999998 2.0118585600000003
0.37168999999999996 0.030150849599999995
0.76652 0.14139856090000003
0.47014 0.027446548900000003
0.14198 0.029401960900000003
1.9607999999999999 0.23136099999999998
0.26061 0.025347824099999996
0.18129 0.016548249599999995
0.19788 0.0192820996
0.59584 0.10405785639999998
0.6037800000000001 0.03340487289999999
1.9067 0.07137980890000001
0.78526 0.056449008099999996
0.11836999999999999 0.0128936025
0.13507999999999998 0.018090249999999995
1.067 0.02262016
0.73082 0.0198302724
0.91508 0.023177017599999995
0.9383199999999999 0.0163277284
0.29989 0.023885702499999998
2.3755 0.3420027360999999
0.16332 0.012766740100000002
0.31001 0.0453860416
0.45068 0.0304956369
2.9683 0.1133332225
0.11629 0.022897742400000004
0.73359 0.015645006399999998
0.9457899999999999 0.08935316639999998
0.51521 0.037121728900000005
2.3449 0.4103171136
2.5102 0.22693790439999997
0.33705999999999997 0.0259757689
0.3589 0.018362960100000006
0.9005299999999999 0.07459453440000001
0.6651400000000001 0.025908121599999997
0.20113 0.0149499529
0.41144000000000003 0.01874161
1.0932 0.048175860099999995
0.6019000000000001 0.016399363599999994
1.9559999999999997 0.0354983281
0.20923 0.013444402499999999
1.1696 0.0391564944
0.11859 0.011898446400000002
0.6449 0.06469392249999999
0.91114 0.06252000159999999
1.0679 0.0573889936
1.6713 0.12787776
1.8377000000000001 0.1752092164
0.47888 0.07484054489999999
0.28787 0.016174752400000002
0.10357999999999999 0.016628102499999995
2.5658 0.0977250121
0.38335 0.027456489999999997
0.13107 0.0153685609
0.41706000000000004 0.025552022500000007
0.6955699999999999 0.0261986596
0.1858 0.0140635881
1.3316000000000001 0.23467242489999998
1.4258000000000002 0.048360408099999995
0.50451 0.043643388100000007
0.56198 0.05277127839999999
0.67572 0.06404948639999998
0.45787999999999995 0.027818904099999996
1.5322 0.023100960100000005
0.39176 0.021062716899999993
0.43337 0.027768889599999996
1.2445 0.0677352676
1.9246 0.20332884639999999
4.2759 0.2051002944
0.39287000000000005 0.027267916900000008
0.31933 0.025683267599999997
0.479 0.08439025000000003
0.7189 0.04467304960000001
0.6341600000000001 0.1112489316
0.18558999999999998 0.0166771396
0.62002 0.020718723600000002
0.87734 0.048316436100000006
0.84136 0.0255104784
1.7751 0.43845586559999994
0.8369099999999999 0.025169822500000005
1.014 0.1269069376
1.0068 0.028392250000000004
0.26992 0.010884748899999998
1.9485 0.16586070760000002
0.8706900000000001 0.1721005225
0.38277 0.057293209600000006
0.24197 0.030712562500000005
0.77788 0.06201594090000002
0.34987 0.0326669476
0.73375 0.06951659560000001
0.25063 0.0299220804
0.49783 0.03222743039999999
0.48331999999999997 0.0320517409
0.16999 0.0229977225
0.45742 0.016842848400000002
0.45814 0.050521552899999995
0.90894 0.03987210240000001
0.7092 0.04196761959999999
0.40827 0.0104080804
0.8166300000000001 0.0265853025
0.65089 0.0172843609
0.99065 0.046880910399999996
0.78823 0.06646599610000002
0.77834 0.026121024399999995
0.22044 0.021664896100000004
0.20597000000000001 0.0110796676
0.7918499999999999 0.024859828900000002
0.28005 0.0293402641
1.6261999999999999 0.1338901281
0.9124800000000001 0.06335289
0.9347799999999999 0.02408704
0.2456 0.016169665599999997
0.52359 0.047807822500000006
0.20731999999999998 0.0142635249
1.2053 0.0390892441
0.2125 0.012007776400000003
0.66629 0.035118760000000006
3.6813000000000002 0.056377753600000004
0.29431999999999997 0.015487802499999998
0.36160000000000003 0.02611456
0.19986 0.0495196009
1.1295000000000002 0.09638541159999997
1.3758 0.0357663744
0.52343 0.015580032399999997
2.7369999999999997 0.020354728899999997
1.8126 0.0654796921
0.13535 0.011528316899999998
0.6231599999999999 0.06921634809999999
0.23321 0.036001267600000005
0.15123 0.1001026321
0.13399 0.0737611281
0.25020000000000003 0.038013300900000005
0.39809999999999995 0.030618000399999998
0.31374 0.0167547136
0.39631 0.027725580099999998
0.16645000000000001 0.0177076249
0.1693 0.014054102499999997
0.64317 0.01907161
0.43563999999999997 0.06824111290000001
0.51314 0.09719429760000002
0.6831400000000001 0.048342816899999995
0.50068 0.030926739599999996
0.90913 0.17555262009999997
0.81147 0.3024340036
0.85975 0.07385893290000001
4.04 0.17939460250000003
1.3551 0.1084780096
2.835 0.09088416090000001
1.7511 0.07701735039999999
1.6875 0.1182809664
0.65302 0.0303770041
0.47843 0.0425720689
0.20424 0.015254720099999999
0.74363 0.07630853760000002
0.3258 0.0144072009
